3.1415926535897932384626433832795288419716939937510582097494459230781640628620899862834825342117067
98214808651328230664709384460955058223172535940812848111745028410271938521105559644622948954930381
964428810975665933446128475648233786783165271219091456485669234603486104543266482133936072624914127
372458706606315588174881520920962829254091715364367892593601133053054882046652138414695194151160
943305727365759591953092186117381932611793105118548074462379962749567351885752724891227938183119491
29833673362440656643086213949463952247371907217986094370277053921717629317675238467481846766940513
2005681271452635608277857713427577896091736371787214684409122495343146549585371050792279689258923
54219956112129021960864344181598136297747713099605187072113499999983729780499510597317328160963185
952445945534690832642522308253344685035261931188171100313783875288658753320838142061717766914730
35982534904287554687311595628638823537875937519577818577805321712268066130192787661119590921642198
93809525721065485863278865936153381827968233195235318529689957736225994138912497217752834791315
155748572424541506959508295331168617278558890750983817546374649393192550604092771671139098488241
2858361635637076610471181942955596198946767837449448255379774726847104047534646208046684259069491
293313677028989152104752162056966240580381519351125338243035587642474964732639141992726042699227
9678235478163609341721641219924586315328618297455570674983850549458858692699569092721079750930295
5321165344987227559623648066549911988183479775356636980742654252786255181841757467289097777279380
08164706016145249192173217214772351414419735685481613611573525521334757418494684385233239073941433
34547762416862518983569485562099219222184272552542568876717904946165346680498862723279178608578438
382796797668145410953883786360950680642251252051173929848960841284886269456424196528522210661186
30674427862203919494504712371378696095636437191728746776465757396241389086583264599581339047827590
99465764078951269468398352595709825822620522489407726719478268482614769909026413639443745530506820
349625245174939965143142980919065925093722169646151570985838741059788595977297549893161753928468138
2686838689427741559918559252459539594310499725246808459872736446958486538367362226260991246080512438
84390451244136549762780797715691435997701296160894416948685558484063534220722258284886481584562850
616842739452267467678895252138522549954666727823986456596116354886230577456498035593634568174324112
515076069479451096596094252288797108931456691368672287489405611533086179286809208747609178249385
89097149096759852613655497818931297848216829989487226588048575641427047755513237964145152374623436
4542858444795265867821051141354735739523113427166121359695362314429524849371871114576540359279934
437420731057853906219838744780847848968332144571386875194350643218453191048481053706146806749192
781911979399520614196634287544406437451237181921799983911591956181467514269123974894090718649423196
15679452080951465522523163881931420937621378559566389377870833906979207734672218256259966151421
53068384477345492260541466592521497442850732518666021324340881907104863317346496514539057962685
6105508106658796998163574736384052571459128970641411097120628439039759515677157704203378699360
7230558763176359421873125147120532928191826186125867321579198414848829164470609575270695722091756711
672291098169091528173506712748583222871835209353965725121083579151369882091444210675133467113141
26711136990865851639831519716515116851714376576183515565088490998985998238734552833163550764791853
589322618548963213293308985706420467525907091548141654985946163718270981994309924488957571282890592
3233260972997120844335732654893823911932597463667305836414281388332382490375898524374417029132765
6180937734443070746921121913203303819762111104492932151608424448596376698389522868478312355265
8213144957685726243344189303968642624341077322697802807318915441110446823252716210526522721116603
96
