3.1415926535897932384626433832795288419716939937510582097494459230781640628620899862834825342117067
98214808651328230664709384460955058223172535940812848111745028410271938521105559644622948954930381
964428810975665933446128475648233786783165271219091456485669234603486104543266482133936072624914127
372458706606315588174881520920962829254091715364367892593601133053054882046652138414695194151160
943305727365759591953092186117381932611793105118548074462379962749567351885752724891227938183119491
29833673362440656643086213949463952247371907217986094370277053921717629317675238467481846766940513
2005681271452635608277857713427577896091736371787214684409122495343146549585371050792279689258923
54219956112129021960864344181598136297747713099605187072113499999983729780499510597317328160963185
952445945534690832642522308253344685035261931188171100313783875288658753320838142061717766914730
35982534904287554687311595628638823537875937519577818577805321712268066130192787661119590921642198
93809525721065485863278865936153381827968233195235318529689957736225994138912497217752834791315
155748572424541506959508295331168617278558890750983817546374649393192550604092771671139098488241
2858361635637076610471181942955596198946767837449448255379774726847104047534646208046684259069491
293313677028989152104752162056966240580381519351125338243035587642474964732639141992726042699227
9678235478163609341721641219924586315328618297455570674983850549458858692699569092721079750930295
5321165344987227559623648066549911988183479775356636980742654252786255181841757467289097777279380
08164706016145249192173217214772351414419735685481613611573525521334757418494684385233239073941433
34547762416862518983569485562099219222184272552542568876717904946165346680498862723279178608578438
382796797668145410953883786360950680642251252051173929848960841284886269456424196528522210661186
30674427862203919494504712371378696095636437191728746776465757396241389086583264599581339047827590
99465764078951269468398352595709825822620522489407726719478268482614769909026413639443745530506820
349625245174939965143142980919065925093722169646151570985838741059788595977297549893161753928468138
2686838689427741559918559252459539594310499725246808459872736446958486538367362226260991246080512438
84390451244136549762780797715691435997701296160894416948685558484063534220722258284886481584562850
616842739452267467678895252138522549954666727823986456596116354886230577456498035593634568174324112
515076069479451096596094252288797108931456691368672287489405611533086179286809208747609178249385
89097149096759852613655497818931297848216829989487226588048575641427047755513237964145152374623436
4542858444795265867821051141354735739523113427166121359695362314429524849371871114576540359279934
437420731057853906219838744780847848968332144571386875194350643218453191048481053706146806749192
781911979399520614196634287544406437451237181921799983911591956181467514269123974894090718649423196
15679452080951465522523163881931420937621378559566389377870833906979207734672218256259966151421
53068384477345492260541466592521497442850732518666021324340881907104863317346496514539057962685
6105508106658796998163574736384052571459128970641411097120628439039759515677157704203378699360
7230558763176359421873125147120532928191826186125867321579198414848829164470609575270695722091756711
672291098169091528173506712748583222871835209353965725121083579151369882091444210675133467113141
26711136990865851639831519716515116851714376576183515565088490998985998238734552833163550764791853
589322618548963213293308985706420467525907091548141654985946163718270981994309924488957571282890592
3233260972997120844335732654893823911932597463667305836414281388332382490375898524374417029132765
6180937734443070746921121913203303819762111104492932151608424448596376698389522868478312355265
8213144957685726243344189303968642624341077322697802807318915441110446823252716210526522721116603
966655730925471105578537634668206531098965269186205647693125705863566218558107293606598764861179104
53348850346113657686753249441668396265797877185560845529654126654085306143444318586769751456614068
0702378776591344171274947042056223053899456131407112700407854733269939081454664645880797270826683
063432858785698305235808933065757406795457163775254221149557615814025126228594132164715509792592
30990796547376125517656751357517829666454779174511299614890304639947132962107340437518957359614589
1938971311179042978285647532319869151402870808599048109412147221317947647772622414254854540332157
18530614228813758504306332175182979866223717215916077166925474873898665494945114654062843366393790
39769265672146385306736096571209180763832716641627488880786925629022847210431721186082041900422
96617119637792133757511495951566049631862947265473642523081770367515906735235072835405670438674351
3622224771589150495309844489333096340878076932599397805419341447377441842631298608099888687413260472
1569516239658645732163159819319516735381297416772947867242292465436680980676928238280689964048243
5403714163149658979409243237896907069779422362508221688957383798623015937764716512289357861588161
75578297352334460428151262723734314653197777416319906655418763979293344195215413418994854447345673
8316249934191318148092777713863877343177207545654532207770921219051660962804909263619759882816133
231666365286193266863360627356763354477628350450777235547105859548727908143562414517180624643626
7945612753181340783303362542327839449753824372058353114771199260638133467768796959703098339130771098
7408591337464144282277263465947047458784778721927715280731767907707157213444730605707334924369311
383504931631284425121925651798069411352813147130478164378851852909285452116583934196562134914341
5956258658655705526904965209858033850722426482939728584783163057777560688876446248246857926039535277
348304829058760758251047470916439613626764492562742042083208566119062545433721315359584506877246
029161876679524061634252257719542916299193064553779914037340432875262888963995879475729174642635745
525407909145135711136941091193932519107620825226187985318877058429725916778131496990919211697173
7278476847268608490337702424291651305051683233643538951702989392233451722138128069651178440874
51961212285993716231317114448464090389064495444061986907548516263275052983491874078668088183385022833450850486082503930213321971551843063545507668282949304137765527939751754613953984683393638304
7461199665385815384205685338621867252334028308711232827892125077126294632295639898989358211674562702183564622134967151881909730381198049734072396103685406643193950979190699639552453054505806855
1956730229219139339185683449039820595510226353536192041994745538593810234395544959778377923742161
727111723643435439478221818528624085140666044332588856986705431547069657474585533232334210731545
940516553790686627333799585115625784322988273723198987571415957811196358330594087306812162876496286
744604774649159950549737425626910490377819868359381465741268049256487985561453723478673303904688383
4363465537949864192705638729317487233208376112329911367938627089438799362162951541337142489283072
2126914754668476535761647737946752049075715552781965362132392640616136358155907422220318727760
5277219055614842555187925303435139844253223415762336106425063904975086562710953591946589751413134
8227693062474353632569160781547818115284366795706110861533150445212747392454494542368288606134084148
6377670961207151249140432725386076482363414334623518975766452164137679690314951910857598442391986
29164219399490723623464684411739403265918404437805133389452574239950829659122850855582157250310712561266832429295252211872676756220415420516184163484756516999811614110299607838690929163288402
691041407928862150784245167090870069928212066041837180653556725253256753286129104248776182582976515
7959847356222629348603415872298053498965226291748788202734209222245339856264766914905562842503912
7577128427998066365825488926488254566117296726640765590429099456815065265305371829412733693137
851786090407086671149655834343476933857817113864558736781231458768712660348913909562099393610312
916161528813843790994231747336394804575931493140529763475748119356709111377517210831559248530906
69237671922033229094334676851422144773793937517034436619910433751117354719185504644902636551281622
8824462575916333039107225383742182140883508657391771509682887478265699599574490661758344137522397096
8340805355984917541738188399944697486762655165827658483588453142775687902909517028352971634456212
96443523117606651124120659755851276178583829241974844236080719304576189323492292796501987518721
2726750798125547095890455635792122103334669749923563254947824911419521238281530911407907386025152
274299581807247162591668545133312394804947079119153267343282441860414263639548004480267049624821
7928964766975831832713142517029692348896276684432326092752496357996469256504936818360903238092934
59588970695365349406034216654437558904563288225054525564056448246515187547119621844396582533754388
56909411303150952617937802974120766514793942592989695946995565761218656196733786236256125216320862
86922210327488921865436482296780705765615144632046927906821207388377814233562823608963208068222468
12248261177185896381409183936736722208883215137556037279839404152970287830766709444745613455641
725437090697939612257142989467154357846878861444581231459357198492252847160504922124247141214780573
45510508190869963302763478708108175451193071412233908663938339529425786905076431063835198343893
415961318543475464955697810382930971646514384070707364112373599843452251610507270562352661276484
83084076118313052793205427462865403636745328651057065874882256981579367897669742205750596834408697
35214120672358520724522563265134105592419274216248439140359989535394590944070469120914093870
12645601623742882109276457931065792295524988727584611264836999892256959688159205601165525637567
85667227966198857827948488558343975187445455129656344348396642055798293680435220277098429423253322
5763418070394769941597915945306975214829336655566156787364053666564165473217043935213295435291694
14599041608753218683793702348886894791510716378529023452924407736594956305107421087142613497459561
513849871375704711787957310422969066672144986374645952808243694457897723304876476524133907592043319634039114732233807150952221068256342747164624335440515212669324934196739770415956837535551667
302739074972973635496453328886984406119649616277344951827369558822075735517665158985519098666539354
94810688732068599075407923424230925907173196362254756478940647548346647760411463233905651343306
84495397907090323460461470961696886885140834740546074295869913829668246818571318879065287366508
32431974404771855678934823089431068287272280973624809399627060747264553992539944280811373694338872
9406307926159599546262462970706259484556903471197299640908941805953439325123623550813494904364278527
138315912568989295196427287573946914272534366941532361045373048819855170659412173524625895487316750298865925786628561249665523533829428785425340483083307165372285635591525347844598183134112901
99920598135220511733658564078264849427644113763938669248311836445369858917544264739988228462184490877
769776312795722672655562596282542765318301340709223343657791612809317941718598599933849235495640
570995585611349802524990669842331735358044081168552653117099570899427328709258487894436460504108
922669178352587078595129834417295351953788553457374260859290817651557803905946408735061232261120937
3108048548526357228257682034160504846627750450312620807998049254853469414697751649327095049346393
82432227188515974054721482897111777923761225788734771881968254629812686858170507402725526332904497
6277894423621674119186269439650671515779586756482399391764261763387045499176143641204692182370764
887834196896861181558158736062938603811712158552726683082383404656475884051380816336388742163714
064354955618689641122821407533026551042410489678352858829024367090488711819090949453314421828766181
031073547705498159680772094746961343609286148494178517180779306810854690094458995279424398139213
505586422196483491512639128383201097738680662877923971814613432445726409737425707359210315415
089367930816998053652276072774967458402836240534603726341655425927618348430681138185510597970
566407509426087885735796373245141467867368809880609716425849759513806930944941515422221943291302
1739125383559153103330325111749156969174502714943315155885403922164097229111290355218157628232831
8234254832611191280928252561920526316391147724733148573910777587442538761174657867116941477642144
1111263583553871361112326798775641024682432264834641766369806637857681349204530224081972785647198
396308781543221166912246415911776732253264335686146186545222681268872684459684424161078541676814208
08850280541436131462308210259417375623899420757136275167457318918945628352570441335437585753426986
9947254731656613991999682628247270641336222178923931760854289437339356188916512504244408952719837
8738648058472689546243882343751788521439560571048119498842390606136957342315590796734614914344788
63641031823507365027785908975782727313050488939890992391353373250855982655867089242612429473671
939077271307068691709264625484232407485536608136046689511840936686095463250214585293095000907151
058236267293264537382104938724996699339424685516483261134146110682674466373343753407642940266829738
65220935716263846485285149036293219919968828517183953669134522244470804592396602817156551565666111
3598231122506289058549145097157553902439315351909210711945730243881766153527086260253788179751
94780611371504489917210222133513106163915415895780371177927752259787428919179155224171895853616
80594741234193398422187456492564434623925319531351331147639491199507285843065836193536932969928983
7914941939406085724863968836903265564364216644257607914710869984315733749648835292769328220762947282
3815374099615455987982598910937171262182832584811238911968221429457667580718653806506487261338928
2299497257453033283896381843944770779422843598834103583854238973542439564755568409522484455413923
9410016207693636846776413178196593799715574685419463348937484391297423914336593641035234377706588
867781139498616478747140793263858738624732889645643598774667638479466504074111825658378878454858148
962961273998413442726086061872455452360643153711127468097787044640947582834876975894832824123929296
05829486191966709189580898332121031843341284951162035342814412761728583243559830324224512072
8725355811958414918096925339507577840067465526031446167050827682772223534191126341631571474061238
50425845988419907611287258059113935689614316682831763235673254170734208173322304629879928049085140
9479368878687894930546955703072619095207643349335910624545086453628935456862958531315337183868265
61786227363716975774183239860659148161640494496511732131389574706208847482365371311508984279927
5442685327797431139514357417221975979935968525228574526379628961269157235798662057340837576687388426
64059909935050081337543245463596750484423528487471443545419576258473564216198134073468541117668831
18654489377697956651727966232671481033864391375186594673024434505449953997423723287124948347060440
63471606325830649829795511095418362353309453097335834462839476304775645150850757894954893139394
489921612552559771436858943585877526379625597081677643801254365023714127834679261199558522471722
177723704178084194239487254068155635998390548985723546745642390585850216719313952629445543913166
3134530893906204678438778505423939052473136212947691874975191114723152893267725339181466073008902
7768963114810922097245207591672970785058071718638105496797310167870850694207092232908070383263453
452380278609905569013413718236837099194951648960755049341267876436746384902063964197666855923356
54639138363185745698147196210841080961884605456393845534372914144651347494078488442377217515433426
03066988317683310113310869042193931081437843341513709243531367763108491351615642269847507433297
167469640666531527353254671126675224605511995818319637637076179919192357958207595605302346267757
943936307463056910811494271410939136913810725813781357894055995018354251184172136055727522103526
83735726527922417373605751127887218190844906178138897107708229310279766593583875890939568814856
2632243937265624727763789081445883785519702843779362407825052704875816473245812908783952324532378
962984166922548964971560698119218658492677043956481278102179913217416305810554598813048456299765
1121241536374515056350712781592671424134210331566165356247338078432865525722275304999883715348
79308062618096238151613669033411113865385109193673938352293458883225508870645075394739520439680790
6708680644509698654881682874343786126453815834280753061845485937982179945996811544197425363443996
29025101588827216474506820704193761584547123183460726293395505482395571372568423226821312476794
5226448209123564775272308208106351889915269288910845557112660396503439789627825016111532351605196
5590421184494990778999207329476905868577878720982913529566139788848605097860859571773129815531495
16814671769597609942103618355913877781769845875810446628399880606162298486169353373865787735983361
613384133853684211978938901852956919678045544828584837117096721253533875862158231133138776682721
157269495181795897546939926421979155233857662316762754757035469941489290413186386119439196283887054
3677743224276809132365449485366768000010652624854730558615989991417076983854831887514293890899506
85453076511683337322265175662207526951791442252808165171667766727930354851542042381746089232839170
327542575086765511785939502793389592057668278967764453184044185541043513483895312132637836928358
0827193783126549617459970567450718332065034556644344904536275601125184335607361222765949278393706
4784264567633881880756561216896050416113939063961622215368494109260538768871483798955999911209916
4646441191856827704574243434216722764455893312778158686952506949936461175685061671453543158148
105458860564551332375864548584324298717093480910556211671546848477803944756979804263180991756422
80987399876697323769573715808068229045992123661689025962730430679316531149417647376938735140933618
33216142821497633991898354848756252987524238730775595559554651963944182184099841248982623673771467
2260616336432964063357281070788758164438148518841143188598827694491193212968271588841338694346828
590666408063140777577257056307294049294032420498416565479736705485580445865722276378404668233798
52827105784319753541795113472736257740821347682604522851579795797647467228409995616156910890384
5824502679265942055539587922981852648070683765041836562094555434613513415257065974881916341359556
719649654032187271626485930490397874895890661272507948282769389535217536218507962977851461884327192
2322381158744450528665238225328438913752738458923844225354726530981715784478342158223272069028723
2330538621634798850946954720479523112150432932266282727632177908840878614822147537657810581972
22630971749507212724847947816957296142365859578209083073323356348465318730293026659645137183754288
9755797144992465403868179921389346924474198509733462679332107268687076806263991936196504409954216762
7840914669856925715074315740793805323925239477557441591845821562518192155233709607483329234921034514
6264374498055961033079941453477845746999921285999993996122816152193148887693882228108301986165494
165426169685867883726095877456761825072759929508931805218729246108676399589161458550583972742098090
978172932393106766386824411130424707350857828724627134946368531815469690466968693925472519413992
91465242385776255047485295476814795467070503479995888676951612497228204339954632788306959762493
615110243655535223069061294938859915734661023712235478911292547696176050479749280607212683922691
1277722610254414922157650450812067717357122718242968106203776578837166909109418074487814049075517
82038565390991047759414132154328440625031802757169650820964273484146957263978842560845312140659358
090412711359204197598513625479616063228873618136737324450607924411763997597461938358457491598809766
744709306546342423460634237474666080431712605205592849369594143408146852981505394717890451835755
15412522359059068726487863575254191128887737176637486027660634963536794726923229718683277173932361
9207774522126247518698334951511986426988784717193966497690708252174233656627259284406204321411371
992278526998469884770232382384055655517889087661361304770984386116870523105531491625172837327286750724817298763756981633541507460883866364069347043720668865127568826614973078865715685169186474885
41679154596507234287730699853713904302665307839877638503238182155355973235306860431067576083890862
7049841888595138091304235957824951439885911318583584066747237029714978508414585308578133915627076
3563907639473114554958322669457024941398316343323789759556808568362972538679132750555425244919435891
28405045226953812179131914513509938463117741797151228378546116359554028644059249646693070776905
5481028852080858087811577381719174177617330738554758060561433774329912728677253043182519757916
7929699650414607066457125888346979796429316229655216879730035646304579308843274807718115553309098
872550520768046334608658165394876951960440848206596737947316808641564565053049881616490578831154
3454850526606982309315777650378070466126470621457505793270962047825615247145918965223608396645624
105195510522357239739512881816405978591427914816542632892042816091369377737222999833270820829699557
37727375667615527113922588055218988762114168054687365580633471637342917039079863965229613128178
26797172898229360728806908776866059325274637840539769184808204102194471971386925608416245112398062
1131845412447820511079876071715568315407886543904121087303242106853419472304766667217498698685470
767812051247367924791931508564447753798537997322344561227858432968466475133365736923872146472367942
787042503255589926884349592876124075587569464137056251401179713316620715371543606876477318675587
148783989081074295309410605969443158477539709439883949144323536685392099468796450665339857388878661
476294434141049888993160512076781035886116620296119363968213496075111649832785635316145168457695
68710902999769841263266502347716728657378579085746646077228341540311441529418804782543876177079042001566986776795760909966936075594965152736349811896413043311662774712338817406037317439705406731096
7676574869535878967031925866259410510533584384656233917967492678447637084749783336555790738419147
3198862713525954625181604342253729962863267496824058060296421146386436864224724887283434170441573482
4818333164056695966886676956349141632842641497453334999948002669987588815935073578151958899053951
208535135726137364343675347141048361754648830407846416745216737190483109676711344349481926268111
0739948250607394950735316919731852119552635632584339099822498624067310768318446607291248747540316
179699411397387765899868554170318847788675929026070432126661791922352093822787888098863359911608192
3535557046463491132085918979613279131975649097600139962344455351434642686046449586247690943470482
932941404111465409239883444351591332107739441118407410768498106634724104823935827419449356651610884
631256785297769734684330614624180358529331597345830384554103371091676776374276212137135485445092
63071911473184857492331816720721372793556795284439254815609137281284063330393735624201604566455741
4588166052166608738748047243391212955877763906969037078828527753894052460758496231574369171131761347
8388271941686066257210368513215664780147675231393578606896111259962818393095487090590738613519145
91819512973278755710497291148717189718046961697770179139196137914171627071895846921434369676292
7459109940608498356842521915593703711104974733949387788598941743303178534870763221982970579751
191440510994235883345463534923498268836240433272674155403161950568065418093940998220609994142168
909070821330723089662119775530665918814119157783627292746156185713721724710952142369648308641025
92887457999322374955191221951934244523075351338068568073544649951272317448719540397610730806269906
25807620292731455252078079914184290638844373499681458273372072663917672118304648190024130835088
46584152148991276106513741539435657211393285749187690944137020905170314877734616528798482353382972513611098451484182380812054099612527458088109948697221612852489742555551607637167505489617316809613
8038119143611439921063805083214098760459930932485125168294467260666138151745712559754953582399831
46982203613380828499356705575524712902745397762140493182146580821566536067765508783804341343105
918046068083459113664083488740805741272586704792258319127415739080914383138456424150940849133918096
8425116399193685322555733896695374902662092326131885589158083245557194845387562878612885904106060
73746514262782427346962528217174941582331749239683531361786536737606421667781377399510658952887
74276626368418306819080460984980946976366733566228291513235278880615776827815958866918238940333076
441912434122231636857786035727694154177882643523813190502808718575047046312933353757285386605888
9045831114507739429352199432197117164223505644429798920815943071671985746927384865383343614579463
4175922573898588016981475742054299581242958105456510831046297282937584161162532562516572498078492
099897990620359365099347215829651741357984910471116607915874369865412223483418877229294463351786538
56731962559852260729476740726167671455736498121056777168934849176607717052771876119990814411305864
55779105256843048114426193842322470939249802933550731845890355397133088446174107959162511714864874
4686112476054286734367090466784686727409188114249711149657817724279347072166882956108777944050484
3752844337510882826477197854006509704332186255614733211777117441335281608843517814525419643230
95761869464908868154528562134698835544456249556668436602922195124830910605377219821831103270417
838665447181260397190688462370857518080353270471856594994761242481109992886791589690495639476246084
24065930948621507690314987206735338483495508363661784877106080980426924713241009464143736326564
51845667924566695510152298330798496079949882497061723674493612262229617908143114146609412341593593
09585407913908720832273354957208075716517187659944985693795623875551617575438091780528294642044721
53962807463621132942559160257073562812638733106058910652457082447493754318414941482119996276453
10680663118382376163966318093144467129861552759821451410275606892975246304173514891945763607893
52855505317331416457050499644389093630843874484783961684051845273288432345224705685164657164771393
23775517294795126132398229623945485797545865174587877133181387529598094121742273035229650808917770
50682592488223221549380483714547816472139768209633205083056479204820859204754998573238887639161995
24091893894557676874973085695595810659526503362661597506622250840674288982659075106375635699682115
1094966974458054728869363120367823251823237084597911154847208761821247781326633041207621658731297
08112307581598212486398072124078688781145165582513617890307086087198975889807456643955157415363193
19198107057533663373803827215279884935039748015890519420879711308051233933221934662499171691509485
41418710603546037946433790589095772118084465743962806186717861171567409676620829576657705129120
99079443046328929473061595104309222143937184956063405618934251305726829146578329334052463528929175
4708725648426034962961165413823077313327298305016256724141851520418907115428857992081219844931
569990591821181973350126187728368124819958770720753240636125931343859554254778196114293516356122
34966615226147353996740515849986035529533292457523888113622347624669055816438967863097627365504724
34864307121849437348530606387644566272186661712381277156213797461498613287441177145524447089971445
22885662942442318479120547849857452163469644897389206241943518310882834824924908540307786387516
5911302873958787098107727182718745291397283661484214287170553179654307650453432460536361472618180
9699769334862640774351999286863238350887566835950972655748154319419557685043724801204137498318722
596773871549583997184449072791419658459308394263720875635398216962055324832122674989114026785285
996734052420310917978999057188219493913207534317079802373659098537552238911643467185582906853711897
95262623449248339249634244971465684659124891855662958932990903523923333364743523707711084388032
90759834217018554228386161721041763116459187805393674474720599850235828918336929223373239994843710
841965947316265482574809948250999183306976569367159689364493348864744213508407066088359723539532
341795825570361693699098867113210979889707051728075585519126993067309925074072455685077867906947
66126298082251633136399521170984528092630375922426742575599892892783704744452189363234894155210445
9726188380306776179313813991620580627165124458869247649246891924612125312757313908447007143561
36231699237169484813255420914530410371354532966206392105479824392125172541323149027405858920632175
8949434548906846399313757091346332714153162232805522972979538188162859073572955416278867649827418
61642187898857410716490691918511628152854867941736389066538857642291583425067361245384916067413734
1735727799563410433268835695078149313780736235418070619182673285511919426760912210359874692411728
37493126163395012395992405084543756985079570462226646190010350491833415354584283376437811198855
6318777792537211667185395418359844383052376281944076159410682071697032285152250573126093046898423
433152732131361216582808075212631547730604423774753505952287174426663891488171730864361113890694202
790881431194487994171540421034121908470940825423932942945493878642305129271190975135360092197110
54120966831115163287054232847073120658032626417116165957613272351566662536672718998534199895236884
830999302757419916463841427077988708874229277053891227172486322028898425125287217826030509945108247
8357290569198855546788607946280537122704246654319214528176074148243827835829719311788834567416781
1398954750448339314689630763396657226727043393216745421824557062524797219978668542798977992339579057
58189062252547358220523642485078340711144980478726691991864388229323053823185597328697809222535295
911734140733488476105564182423921926950620831838145469839236646136398911210217709597670490830508
18547041946643713122996923588953849313635657618610606222870559942337163121278457446463989738188566
7462608794821864748767272722206267646533809981966883680994159075776852639865146253336312450536426
10569605513183813174261184421890888531963569869627953673842431311331753305329821668881748134298
868158557781034323175306478498321062971842518438553442762128234570716988530518326179641178579608888
15329622907056144762209150947393594664691623539680921394578175891088931992112260739281491694816
1527384273626429809823406320244244958944561291670495082358124873917996486411334832475777521970893
277226234948615046652681439877051615317026696929704928316285504212898146706195331970269507214378230
47687528287354126166391708245925170107141808548063692325946219022780874098597719218051585321473
92653251559354120928466592529991435379182531454529059841581763705892790690989691116438118780943537
1521332261443625314491274547726957393934815469163116249288735747188240715399509446731954316193855
485207665738825139639163576723151055563726339486720820780865373494244115799667507360711159351331
95919712094896471755302453136477094209463569698222667377520994516845064362382421185353488798939567318
78066061078854400550827657030558744854180577889171920788142335113866292966717964346876077047999537
88338787348718218424373421122739402557176908196309218241884270570460926225641783752652633583242
406612533115294234579655695250681018310904112453791533296615697052237921032570693705109083078947
999904999395322153622748476603613677697978567386584670936679588583788795625946464891376652199588286
93381836119323685785585581955564215625088365203322024513762158204618106705195330653060606510548
871672453779428313388716313955969058320834168984760656071183471362181232462272588419928614208728495
6879639325464285343075311052857138296437099935694888528519042956047346131138263878897551788560424
99874831638284046848618938189590542039889872650697622199554841265005394428203931274816381585303
96439925472167275932857436666164411096256633730540921951967514832873480895747777527834422109107311
1351828460363471981856555729571447476825528578633493428584231187494400322969069775831593858039353
5213588607960342097547392296733310649395618122378128545843176055617338611267347807458506760630482
29409653041118306671081893031108871728167519579675347188537229309616143240638132246584111115775835
858113518569047815368938137718472814751998350504781297718599084707621974605887423256995828892535041
937958260616211842368768511418316068315867994616520577405294230536178031335726326705479338412573
05912339618813782542192709476733719198728738524805742124892118347087662966720727232565056512933312
605950577772754247124164831283298207236175057467387128209575544305968395555686861188397135522084452
85264081252276655576774959696266126045652456840861392382657685833846984997787267065551918544686984
694784957346226062942196245570853712727765230989554501930377321666491825781546772920521266714346320
96378918523232151897612603437368406719419303774688099929687758244104787812326625318184596453853543
8391144967753128642609252115376732588667226044252349108726958099647595805794663973419064103636184420331135793365424263356145709112448089020814780566037115412232889146572239314507607167064
355682743774396578906797268743847307634645167756210309860409271709095128086309029738504452718289274
96892121066708164858339553773591913695153162189088874842107987068991148046692706509407620465027725
28650728905328548561433160812693056937854178610969692253886503457718317668688592368148847527649846
882194973972970773718718840414323127636504814531122850990207424092558592529261032106736815434715
252348786351643976235860419194129697690405264832347099111542426127343822089331096686367898694977
994012616422760926082349304118064382913834735467972539926233879158299848645927173405922562074910530
85315371829116816372193951887095778818158685046450769934394098743351443162633031724774748689791820
9239480833143970840673084079589358108966564775859905563769525232653614424782308268118310377358870892
40613031336477371116282146146616794040905186152603609252194721889091810733587196414214447865489952
858234394705079830388538860831357193060277119455821911942899922722353458707566246926177663178855
14435218287266856106650353105021631820617609217984684936863161293727951873078972637353717152563
78733579771808184878458866504335824377041477141493492743845758710715973155943942641257027096512510
811554824793940359768118811728247215825109496096625393395380922195591918188552678062149923172763163
21833989693807561685591175299845132067129392441445938623988093812445219148483164621147389182511
0909677386906644158973610476436500680771056567184862814963711188321924456639458144914861655049567
6982690308911185687986929470513524816091743243153836847072928989828462223731452655679898627767968
091469798378268764311598832109043715611299766521539635464420869197567370057387649784376862876817924
97469438427465256316323055513041742273416464551278127845777724575238654375428282567141288583454443
51325620544642411137955464190581168623059644769587054072141985212106734332410756767575818456990693
0460475227716705684543969234041711089888993416350585157887353430815520811772071883791040469830695
786854739376564336319797868367187307969392423632144845035477631567255390654231179215346497792906
624150832885839529054263768766896880503331722780185885069736232438947047189761934734430843744375
9925034178807972235859134245813144049847717323616947197657153531977549971627856631190469126091825912
498903676541769799362375528652637573376352696934435440473067198868919681474287677908669796885225
163694985673021752313252926537589641517147955953878427849986645632878831962099830494519874396369070
68276265748581043911223261879405994155406327131989895703761105323606298674837791537675115830432084
9872092280929752649812569163425005229088726469252846661046653921714820813050229805263783642695973
37070539227891535105688839381132497570713312950443346715989448786847116438328050692507766274501210352620370946623414648998392525888314867816219677519458316771876275720505439794412459907711520
515461993050983869825428464072555409274031325716326407929341833421470904125425335232482193227707535
554679587163835875181593387174236061551171131235256334858203651461418704920570437218261733194715
708675785393360786227395581857975872587441025420771054753612940474610094095444959662881486915938
99071865980563617137692227290764197755177721042764969496110562205925024221770426962215495872645398
9227697660310524980855759471631075871332088614632664125911486338812202844406941694882615295776253241987359870674380469821942056381255833436421949232275937221289056420943082352544084110864545369404
96927149403319782861318186188811118408257865928757426384450599442295685864604810331538891149948693
5436322181094346676400022362550573631294626296096198760564259963946138692330837196265954739234624
134597795748524647837980795693198650815977675350553918991151335252298736112779182748542086895396583
59421963331528695611921229888988706079992795411188269023078913107636176347794894323210277335941
6908650719328417163840644987871753756781185321328408216571107549528294974936214608215583205687232
185574065161096274874375098092232116099826330339154694946444910451528092508974507489676324090768
9836529406579219831526541065813682379198409064571246894847209357761193139982468134052039478194986
62262408902151661638135383815153773522966074627952913840686855690715751662419298724448271942
933104854824454580718897633032325258215812832746796202814762431828622171054352898348208273451681
861317195933247110746622285087106661177034653528395776259977446721857158161264111432717943478859908
9280848669491413909771673690277758502686646540565953948678411107911610408572744562938425494167594
605487117235946429105850909952149587931121961359083158826206823321561530868337308381732793281969838
75087083483884638847844188403184712697454370937329836242875197920823218787448828728437273781782
708058782410749357514889978911739746129323510814327325140903048746226294234432757126086642508333
1876886507564292716055252895449215376517514921963671810494353178583834538652556566406572513635750643
53236508936790431702597878177193148679638408288102094614907971513771709906195496964070867667123204867263147551053723175711432231741141168062286420638890621192355223546711662137499693269321737043
10598722503945657492461697826097025335947520913836673772894438696400281134426084712899007468077
648440887113413525033678773167977093727786821661178653442317322646378476978751443320953400165069213
05464768909850502031504488083426184520873053097318949291642532293361243151430657826407283898409841
62953092418971209716164926561341343342229882790992178604267981245728534581338260995877178113121
673425656274407296834066198480676615805216918337236839927931606420436812079903162644491461921
94582296909921227885539487835383056468648816555622943156731282743908264506116289428351661336697824
051771552196265227254558507386405852998337918035043287673809252167907571240612375963276856748450
7915114731344001832570344920909712435809447904624943134552890680648704293534037436326258205357811839564908935434511342969617545249573960621490288728932792520696535386396443225388327522499605986
974759882329916263545973324445163755334377492928990581175786355555626937426910947117021654117182197
5051983178713710605106379555858890556885288798908475091576463907469361988150781468526213325247383765
1192991561091897779220870579339646382749068069876916819749236562422608715417610430608904377976678
519661891404144925270480881971498815420577870652159409289777613307568479669929554336561398477380
603943688958876460549838714789684828053847173087111776115966350503997934386933911978988710915654170
91330826076474063057114110988393880954814378284745288383680794188843426662220704387228874139478117
72139228191199236540551639589347426395382482960903690288359327745855060813179884071624465639979482
7578365195514221551339281978226984278638391679715091262410548725709240704548848569295044811073808
799654748156891393538094347455697212891982717702076661362489581468119133614121258783895577357194986
3172108443989142394849665925173138817162663261931065366535041473070844149391693632623737677770958
503132559909576273195730864842467712123272053374266705314244820816813030639737873664248367253983
7487690980621827857862165127385635132914890350988327061725893257536399397905572917516097615459044
771692265806315111283843617374742152476085152099161585823125715907334217365762671423904782795872
81505095633092826684589376496497702329736413190609827406335310897924642421345837409116939196425045
91288134034988106354088759682054408364386516617880557608956896727531538081942077332597917278437625
66118431989125074918290864751497940316073845549465385946027452447466812314687943441610993338908
99263841184742525704457251745932573898956518571657596148126620310797628254165590506042479114169579
0338356574869252807432562341949828646791447632277405529460903941775363356554719310017543047504
719144899841040158679461792416101645471655133707407395260442769538553834397550548871099785205411
7516974758134492607943368954378322117245068734423198987884412854206474280973562580706698310697993526
0693392135685881391214807354728463227784908087024677763360555123238665629517885371967303463471222
9395816067925091532174890308408865160611191149844341235124646928288059961342835118847154497712784
7336176628506216977871774382436256571177945064477718370221999106695216567576444499794076503799995
484502710665987813638231412683690578319046079276529727769404361323051787080546511542469395265127
110529270730667302444712597393995051462840476743136373997825918454117641332790646063658415292719
3276173394748669634869497654175242930604072705059395314852292139257559484507886797792525393176
515641619716844352436979444735596426063339105512682606159572621703669850647328126672452198906054988
28078288142979633669674412480598219214633956574572210229867759974673812606936706913408155941216115
96192377535255563060624798326124988128819293734347686268921923977783391073310658825681377717232831
532908252509273304785072497713944833389255208117560845296659055394096556854170601179857293813998258
31929367910391844099286575605993598910029698644609747147184711531283762631146774209145574041815
90880064943237855839308530828305476076799524357391631221886057549673832243195650655460852881219236
3644712703748634421727257879534284863129449163184753475314354139209610879605773098721352484075057
6371992536504709085825139368634638633684289176710762111159828875539941207613947336617937153963
0613986365549221374159790511908358829097656647307338793146789131814651093167615758213514248604422
92445304113160652709743308849934675405518640677342603583409608605533747362760935658853109760994238
34738222208729246449768456057956251676557408841032173134562773585605235823638953238534248422733716
3912397321599544082842166663623296545694735771848734420342277066538373875061692127681576618109541097708363643611105924091178895403382142652394892968643980892611463541457153519434285072135345318
3158756282757338982688985235577992957276452293915674775666760510878876484534936360682780505646228135
98885879259940946446041705244704631513797543173718775639815962647514109066588661621803826698996
1965580587208639721176995219466789857117983324406181157565807428418291061519391763059194314434605
15404771057054339001824531177337189558576360718286050635647997904139761808955363669631621931132
5022385179167205518065926351803625121457592623836934822266589557699466049193811248660909979812857182
349406615552196112207230922776462099931524427358948871057662389469388944649509396330454340842102
46241048723328750817491798755438793873814398942381176270837196053094383940637561164585609431295
17597713935396074322792489221267045808183313764165818269562105872892447740359470926866265965142205
063078592024882918608397437323538490839643261470053242354064704208949921025040472678105908364407
46638020871266642094571817029467522785407450855237772089058168391844659282941718288233149715542
3523591177481862859296760504820386434310877956289292540563894662194826871104282816389397571175778691
5431650586029652174595819888786840811328432739867198621306205559855266036405046282152306154594474
48990883908199973874745296981077621487134001225355222466954093152131153379157980269795557105085074
73874750758068765376445782524432638046143042889235934852961058269382103498004052484070844356116781
717051281337880570564345061611933042444079826037795119854869455915205196093041271072778493155538
8953633826192934379708187432094991415959339636811062755729527804254863060545238391510689989135788
20194117865356821491185282078521312551851849371153422159542244511902073935396274020811046553020
79328672547405436527175958935071633607632161472581540764205320453418357233829266191530835409512
22632916505442612361919705161383935732669376156914429944943744856809775696331295887191611292946818
849363386473927476122696415884890965717086160598147244674286642087653347998582220906198217321161
4230419477754990738738567941189824660913091691772274207233367635326783405863193019324299639724445
17928812285447821195353089891125342975524727635732262813820918074397486714535907786335316082155
9911314144205091447293535222308171936635093468658586563148555758624478186210871188976065296989926932
8178705576435143382061410773292610634315253371822433852635221773544071528189813769875515757454693
972715048846979361950477720970561793913828989845327426227288647108883271737232588182446584362495805
92563381052156062061557132991560848920643403339526226345145428367869828807425142256745180618414956
46861116354049718976821542277224794740335715274368194098920511365340123846714296551867344153741615
04256325671343247655125219218035781692432669954174608759240920704669340396511781348578356944407
64723254075555776472845075182689041829396611331161311190773986324627782192365066037404160672496
2491374332172464540974129955705291424382080760983648234659738866913499197841310815581343979194852
83043673912482082444814128095443773898320598649091595053228579145768849625786658859991798675205545
5809904556461178755249371245532171719428288461742736649978475508294228223291221631230977215
156944642790982190826689868834263071609207914085197695235553488657743425277531197247430873043619511
3961190803255878387644206085044730631299277888942729189727169890575925244679661897074829609491906
487646937027507738664323919190422542902353189233772931667360869962283255718530891928443805071306
477684786324319100223929785255372375566213644740967605394398382357646069924652608909062410594215
453927904411529580345334502562441106359530395988644661695956263518780606885137234627079973272331
3469397145628554261546765063246567662027924520858134771760852169134094652307673391841147541416892
4121319826881568664561485380287539331162322925556189410429953356409578649534093511526645424418775
94931693056044868642086275721172319526405023099774567647838488973464317215980626787671838052476968
8408498918508614903432434767426862459523958903585821350645099817824463608731775437885967767291952
61112138591947254514031180503437875277664427626189411757687268428176623860684778852428874325
91452470739505465251353394595987896197789110418902929438185672050709646062635417329446495766126519534
957186015412623962286413897796733329070567376962156498184506842263690367849555970260798679962611
93933126376855696876729295371162528055431078640872893922571451248113577862766490242516199277471
0903359333093049483805978566288447874414698414990671237647895822632949046798120899848571635710878311
9184863254516209298058292083348136384054217205612198935366937133673339246441612522319694347120641
73754912163570857369439730597970971972666664226743111776217643068681313518991122713397243688700
9968629225464650638528862039380504778276912835633725482557939129852515068299691077542576474883253
41412132806267170940909822352965795799780318282428490221470748111124186076134151538756983091865
278065889668236252393784527263453042041882508442363190383318384550522367992357752929106925043261446
9510986108889991465855188187358252816432520939285258077969737620845637482114433988162710317031513
34423095263519295886806908213558536816100213740851154484912685841268695899174149133820578492806
9825519574218181056412972508360735685105533178784082900041552511865779453963317538532092149720526
607831260281961164858098684587525129997404092797683176639914655386108937587952214971731728131517932
904431121815871235187407572221012376872194474720934931232410706508061856237252673254073332487575448
296757345019321921991199607979893733836732425761039389853492787774739805080801554476406105352222
325409443567718794565430406735896491176107759483645408234861302547184764851895758366743997915085128
58206078205544629917232202822291488695939972997429747115537185892423849385585859540743810488262464
878805330427146311941589896328792678327322456103852197111304665871050083285177311776489735230926
661234588873128835156264462367199664455472760831118788389151149340939344750730258558147561908813
9875235781233134227986650352272536717123075686104504548970360795698276263923441071465848957824140
81584052295369374997106655948944592462866199635563506526234053394391421112718106910522902465742364
130936918892558657846684612156795542566054160507127664176605687427420329577160643448606212398216
98271723197826816628249938714995449137320518436690767235774005393266262276323659751718925918110
42903842741855078948874388327306328327996307206981224436511639408692222074532244624121155804354
54206421512158505689615735641431306888344318528085397592773443365538418834033517822946253702157821
573732655231857635540989540332363823192198921711774494694036782961859208340386757583411151882417743
914507736638407188048935825686854211645031357633355509443192367234865110561049872726472131986543
435450409131859513145181276437310438972507049819870521762724940652146199592321423144397765467083517
14749367986186552791715824080651063799501842959387991583517158075988378496225739851212981032637937
621832245659423668537679911314108431397323354490908249104991433258432988210339846981417157561082
970658306521134707683680695322971990599904451209087275776225351040902392888779424630483283191327104
9547859918196967835321464441189260631526618167443193550817081875477050826542529410921826485821385
75266881555841131985602213515888721036569608751506318753302942118682221893775546027227291290504292
25978771066787384000616772154638441292371193521828499824350920891816855727981564218581911974909857
3057033266764646072875743056537262768982373259745084479649545648307715981539558277791393736171742
2996273531276871944944491793978514463159731443535185049141394155732938204854212350817391254974981
93087143966151329420459193810623142177419918406180347949887691051557905554806953878540664533759818
62846419905220452833062636956264909108276271159038569950512465299960628554438383303276385998079292
28466595355121124528408751622906026211857775313747949362055496410730134885315073548735390562908
9335264071327473262196311773433943673385759124508149335736911664541281788171454230547506671365182
5828489809951213919399563324133655677709803081912724099714868741813466706094051214626902844915
964654533107754695413088714165312544813061192407821188690562778182423522696189344352547633573536
48561936325441775661398170393063287216690572225974520919291726219984440964615826945638239528371216
86446561785235565164127712826918688615572716214749340522769465957121983149433816221140693630743044
4173284786117777438379770372317952554341072234455125555899986461838767649039724611679591810035098
928641241951635511087632042676129798265294258829511412758412627327907988075597518515768412647422094
797218433093529726652101566251455299474512763155091763673025946213293194283795424632325855310
9670692272227074863419054383265068121414213505715417505750863990767394633514620908288893493837643
939925690604067311422093312195936202982972351163259386772241477911629572780752395056251581631333593
82311505186268905306583681299881086632632719806112715488587980934879129137074982305759290918629391
951472119758606727092547718025753377307993971345395326461952699965963856549175904583335857991212
7132458393208538788816336376851820837278851311752277696097879621423721625452145912818317982160441
1131167140691482717098115457781939223115638719508050246797257924976057726259133285597263712112190
5720771409148645074094926718035815157571514050397610963846755569298970383547314102238258346876735
1297754132795320609711545064842121859364909979177668747744818828706323155158650328981642282882327468
661065927321979071623846421534898524762167890502609980452664839295423572873439776804957740914495383
9157556548545905897649519851381079581078375994577529919670547622525523445398871253878171960718
16407812484784725791240782454436168234523957068951427226975043187363326311130534233358216093331912
1880660826834142891041517324721605335584999322454873077882290525232423486153152097693846104258284971
496347534183756203149157032796853186863157248841526639835689563634657435321783493199825542117308
467745297085839507616458229633244243282377374505170285606980678895217681981567107816334052667595394
249262807569683261074953233905362230908070814559198373553777487420290391814293731152933464446815121
294509759653430628421531944572711861490017650558177095302468875263251197052094761594167687277844710019278913725184162285778379228443908431181121496366424659336341945406571835447719124466212593926
5662030688852055599121235363718226922531781458792593750441448933981608657908761650246351970458288
9548179375668104647461410514249887252139936870509372305447734112641354892806841059107716677821238332
8102621855877513127211793444482144042574508306394473836379390628308973306241380614589414227694747
93166571762318247216835067807648757342049155762821758397297513447899069658953254894033561561316740327
647246921250575911625152965456854463349811431767257295661844775487469378464233737238981920662048511
89437886822480727935222517965453437572741639107919729529508129429222053477173041844779156739917384
1831171362524395716152714669058147000263310452643547865932907332054683388720787354447626479252
976917091207874183736735087713376977683496344252419949951388315074877537433849458259765560996555954
3180409217849718468549737069621208852437713853757681416632722412634423982152941645378004925072627
6515078908507126599703670872669276430837722968598516912230503746274431085293430527307886528397733524
61746352770320593817912539691562106363762588293757137384075440646896478310704580613446731271591194
60843593582598778283526653115106504162329532904777217408355934972375855213804830509009646676088315
4061282430874064559443185341375522166305812111334531207450868243394321590435944331243122747138584
20339106070940315235556172767994160203939750998976293353258555756248089966918298642226775236193
257974726742578211119734709423574572222712125268523842958742735156366093188454933389897415714905
4418255973808087156528143102670460284316819233925352977957658624143927154974087927313105163611913
75770892956482332364829826324607975875767745377161024908046243185652416175665560160859121534556
267621926899828553778725831451440826545834844094784631787773747946535816996077940556871192328608
411309046293508718271259346687127666948738998245985277864995691654642945893506496433580982476596516
51420909867552380830923230487342734682887516407154665383461961122313759451579252696743642531927
39036386082364507626988274976187235754767628899507521148048525279508450339585708381304769378813211
2367428131948795228066321702246033198967197064916374117585485187848412054844672588851415627251
9821719066960812627785485964818369621410721714214986361918774754509650308957099470934337856981674465
82826791194061195637845397855839240761276344105766751243075598145527861678159496570625597550743065
210853159790807334373607943286675789053348366955548683913433721564988342208933999716414797469386
969054808919306713805717150585730714881564992071408675825962876056459782423770242469805328056632787
04192676846711626687946348695046450742219373945259262668613552940624781361206226364981999994984051
43868285258956342264328707663299304891723407254717641886853513723326678779217383475414802283392
9973579361524127558295692768372312347989894462743304545667906203242051639628258844308543830721495672
1064605332385372314324211260742448584509458049408182092763914008540422235562621856434899414543
99541098059181794888262805206644108631901688568155169229486203107388971810770929059048074909242714
11893354281842999598816966099383696164438152887721408526808875748829325873580990567075581717949161
9061140190855374488272620936685604475596557476485674081773817033073803054769736097865438593821872
20583923444435088674998665060406458743460533182743629617786251808189314436325120510709469081358644
0519229512932450788333987884293393424351263433652438581291283434529730865290978330671261798130316
79438553572629699874035957045845223085639098913179475948752126397078375944861139451962867512105616
3897608880927461158608020780334159145179707303683519697776607637378533312241211204698860920933
908536577322239241244905153278095095586645947763448226998607481329730263097528812103517723124465095
349653693090186377640940943498373132513218620821480992268552948454661814715557444709669531776904
3427231892770604717784527939160472281534379803539679861424370956683221491465438145938292773933963
275404809552231816667380357183932757077142046723838624617803976292377131209580789363841447929802588
06552212926209362393063731349664186619510811583471173312258058667276399927635790780638188130691563
66274125431259589936119647626114055635339952314032311381965623632719896183725484533370206256346422
395276694356837676136871196292181875457608161705303159072882870712313666308722754918661395773730546
06599743781098764980241411242142773668082751390959313404155826266789510846776118665957661659981780
89414985754976284387856102637965431783136340251358141611519209649913354873313111522706819313592
95959716419719605362503355847998096348871803911161281359596856547886832585643789617315976202419621
55289629790481982219946226948713746244472909345647028537694958859591606789282491054412515996307813
683674920937491573289627028656829344431342347351239298259166739534259958689706972673325827359312
12887466604514614878503461428277659916080903986525757172630818334944418219353338507129234577437557
93440621787113306310603324053991693682603746176638565758877582122936635327267106812618251729146
08202541892885935244491071382062115538277935652969145765204864328286555793470720963480737269214118
6895467322767751335691915372366903686538916129168888787640752549349424973342718117889275993159671
93547589880979245252623636593632070854440784544797348291820820449266706344204375553250505275228337
788870408433531923407685631093477721256390886441311073817853338316381352808281190408325644184
20537467929926220376987181806112262449090924264198582086175117711378905160914038157503366424156095
216328197122335231674226056794128140621721964184270578432895980288233505982820819666624903585778
9940333152274817776952843681630885317696947836905806710648280835980466988410981351586549069333195223
94363287923990534810987832745017206543369906611778455436468772363184446476806914282804551074686645
3928053994091087549391660957316197153316696830992946634914279878084225722069714887558063748308862
9951184731871247772919107227588893486939456289515802965372150409631077612898312635899648934102473
636645058687287589051406841238124247386385427908282733827973326885504935874331627474906312957234
974261122151741715313361862241091386950688835898962349276317316478340774608866555987333821138299287
76911495492184192087771606068472874673681886167507221172611383067178785669481294878504894306308616
9948798731605158841082823512741535385133658953329486294944950618685147791058046963906937266267386
51290521137810858616188886947957607413585534585151768051973334433495231239577073962377131632428
87205373209982530897761897312981788194467173116064723147624845755192873278282512718244680782421521
646956781929409823892628494376248852279036221938669648221562809360537317804086372726842669642192
99468192149087170753336109479138180406328738759384826953558307739576144799727003472881827852813894321798634521611106660883931405322694490545552786789441757922440214507819209980446138254780585804
84424164047753153605490659143078158372431231375115622841583864427089071828481675752712384678245
9534334449622109607105137060846181187543120725491334994247617115633321408934609156561550603173842
187157022610311916603887064661438897736318780940711527528174689576415810471696524755774089164456
8677717158505832699434167722156767724068128366565264122982439465133197359199709403275938502669557
47231813232437164205861410336065245369391605064495306161267822648942437397166717661231048975318
8573216555498834212180284691252908611485527815277625623750456375769497734336846156077273550962904
93924870884062810679436224187047470836884267122558324359984164595112248527263363264511417395248
086194635840783753556885622317115520947223065437092606797351005655493812245754837285457117973936157
56167641692895805257297522338558611388322171107362265816218842443178857488798109026653793426664216
990914056536432249313348679881548866286650523469972355747384248305942367714327879231642243877764330
192601922847783138376325361210253369358126240868666997382759773656822279072158324788886423693463961
643633087313981421143306087306661648367898409133592629342304324974926887831643626811130957071
6141912830686577323532639653677393176613613159655535849993986056515592193675997771793319744688148
3711320650369319289452142650915465184309936553493337183425298433679915939417466223903895276738133
306177476295749438687169784537672194935065908757119177208754771071899379608947745126547575187119487
0738736785892061737332107569332216320628432065671192096950585761173961632326217708945426214609858
41023781321581772762222738133495410481030732751077999489919779638835307344434575329759142637684054
422647842160631227696469671564739990437159332390656072664411643860540483884716191210908711913072
60710441141432419767968285478855247794764818029597360494397047959642927462992357209976195140348
31538094771461056333446998820822120587281510729182971211917876424883546723169165418522567292344291
871281632325969654135485895771332083399112887759172261152733791034136208561457799239877832508355073
019981845925958355989260553299673770491722454935329683300022318151722657578752405883224908582128
08974790932610762578770428656069961762121768454789964407050662417121332748679623743229155358207
8141165348065647488230615033920689837947662553654982280532966286211793062843170492423198571997
894883689718304380518217441914766042975243725168343541121703863137941142209529588579806152938752753
799309388716835720957607152219027937929278633637268765822681241993384808166216372215471143073
7753779269906958712128928819052316128586182549441335382078488346531163265040764242839087121151
942319616522684220371123046430673442064747718213530712409886035339915266792387111706221865883573
78121093517977564425634694999787251125440854522274810914874307259869620427594117894258128188215
995235965897918114407765335432175759525553615812801163846723193465072968079907939637149617743121194
22129757312516525376817359115573381537720195244454362071848475663415407442328621060997613243487
548847434539665981338717466093205350727195298394327142537115576660025784423310734295515339450604
862227649666876240793243531929926392537310768921353525723210808898193391686682789482811704726245194
8409709757609209837240907471797334078814182519584259809624174761138252643955135259311885045636264
188303385396524359974169313228947198783084276041368074739040972384739458348961865397905941185993
1356168436869219485382055780395773881360679549900851232594425297244866667668346414218991594456530
94234406506678519484177667794704724195882204329538032631053749488312218039127967844610139726753892
1951191178365876625280836905324904597410947068772912328214304635337283519953648274325833119144459
178096077828835837311185754365995898272453192531058811526307542571493943244539318717992360816661
13054262539958338979429716207338767815331028120959972522222808142357109476351925544434929986
767817891045559063159538097618759235893734197896235893112598392598312671933041892151096891562250
6965911982832345553059081730735195537216658728805399213857637035377105178212812956684198414036
287272562321442875432210909472721073474134975514190737043318276626177275996888826027225247133683353
452816692779591328861381766349857728936909657495622871324362590772412219094308717556926257580657
09912166596224360824287024547362036394841255954881727272473653467783647219183039987176273751572
464992228946793232269361917764161461879561395669956778306829031658969943076733350823499079062410202
5061340573443069574547468217569044165154063658468463692621274211075399042188716127617787142588648
257752238891845995233762923779155857445494773612955259522265786364621183775984737034797140820699414
5580719082135907322692331083175951065919121294795408603640757358752058920870457967007055262505
81142066390745921527330940682364944159089109220296680523325266198911311842162916310768940847235643
6680818216865721968826835842785507828443453711836510969517823357433050485265373807353107418591
77056103973950626435544227515611107261779370634723804990666922161971194259120445084641746383589938
23994651739550900859479991362667426149429066467115067175422177038774507673563742154782905911126
19157555872389570140511782264698994491790831795475876761680941013583761357859135692445564776446
41786671153919513576961048649224908344671548638305447791433097680486878348184672733758436892724310
44740680768527862558516509208826381323362314873333671476452450876627614950389949504809564609896043
291233583488599929452640284994280878624398118148847673121675416110662999555366819312328742570206
373835220868636913117334697317412191536332467453256308713473027921749562271468732586789173455837
99643513588095935087755635624881049385299907675135513527792412429277488565888566513247302514712105
753525165118148509027504768455182520963318990685276144351382136621523688905787866994322888162837748
20355061629894091197138517987168363374413927597364417071476370665570350433812111357641518451
821413619823495159610647527125759351853043328755377830575095674254426847122196187091785607839361445
1138333564913256405733898667178123972237519316430617138595394743678433926709867124522111896908423
63274114966124348309892994173803058841716661307304067588380432111555379440605497721705942821514886
1656727712409033877277456290971113488518437411869565544974573684521806698291104505804299887953899
278043835962824094218605562877884288212755388483728640194416142574999042720959520465417059810498
996750451193647117277222043610261407975080968697517660237187748348161231234680567112644766123747
627852192412256994353471622666089367521983311181351114650385489525120655772636145473644268594980
74396932331297127377157347099713952291182653485155587137336629122427143250376326951350911612952
9937858646813072264860827088133353819370368259886789332123832705329762585738279097826460545598555131
8366888446282651337984916678394097613537662517982582496634587719512438443591408492097337546424744
8817618407023569581774117769692507781489338667255789856458985105689196092439884156928069698335223225634570497312245269354193837048431833571965166267215755241934193309918319309196582920969656247
66768365964719595754739345514337413708761517323677242273856742791706982045499530959188724349395240
9444167899884631984550485239366297207977745281439941825678945779571255242682608994086331737153889626
2889629421121088844273765686245276121303711730785135715404533041507959447776143597437803742436646
973247138410492124314138903579092416364063140381498314819052517209371396426808994832572297954564
427175772290417323479607361878788991331830584306939482596131871381642346721873084513387721908697510
49428437693250249816566738162606159417682525099937416728839517440669325496534031145222531618909235
376486378482881344209870480962271712264074895719390291857330746104360729190945767994614929290427
98168772942648772995285843464777538690695148984133924540394144682636254211861431703125111757764282
9914644533408920976961699098372652361768745605894704968171369749095230720826828878907319018253425
8053434217059287139317379931424108526473909482845964180936141384758311361305761084623668372376959134
9261582451622155213487924414504175684806412063652170386331295327776992311864820675569056822951
63549319923059142463962170253297475731140942218199368352649563695586642590676268568737211339156
79383989576556519317788300241613539562437777840817488193730952069990890899328088397433677365955
2489130156633294077907139615464534088791513065132193448667324827590794680787981942519582622323
95131252141099605312606965554042486705499867869232174698909547850725672978794769888831093487464426
40718183163316555115342761556224054744733780492462149521332585276988473362691826491743389878247892
78468918828054669982336899397834137475872580571634941356843392939606819206177333179173820856243643
36353598634944968907810641967407443658366707158692452118299789380407713751290858646578905771426833
5827689785547176871844277261205092664861205153564284063236848180728794071712796682060727559555904
423317874944734645476062818954151213916291844429765106694796935416866105519607768733539651161493
0937570968554559381513789569039251149532656281471199832699220066392875374713135236421589265126204
072887716578358405219646054105435443642166562244565042999102565869272791427529311720827939377513261
0605288123537345106837293989358087124386938593438917571337630723197608166044646839377258069092372
975234867291691042636926209199605241210240776481931614085863558427609537086558164273995349346546
314504419952853725204957805254656251154109252437991326262713609099402902262062836752132305065183
9340574511209934146491843332364656937172591448932415906242206128857329261335968087265004562828455
75745965921205303413111182751306961509835515632043107846190656549380654252522916199181995962752
3277224985573882489988270746593635576858256051806896428537685077212220347920993936179268206591421
65615925306737944568949070853263568196831861772268249911472615732358076462981162441331673789278868
92290325933498617972199498192573961767307583441709855922217171825712777534491508205278430904619460
8352174205838672849709411232669539214454610662150641067474207091899119513764669044812672536915
3716229079138540393756077835153374167747942103840230895185099454877939346122220865061605035177
6264831611153325587705073541279249909859373473787081194253055121436979749914951860535924383235716
35272763087469321962219064260886183676103346022554774778136411269190656968649512688376296907233
961276287223041141813610626404430359969889199458273976241146137448405969706257676472376606554161
857469052722923822827518679915698339074767114610322776606206124687647772881909679161335419881402
75799217416767879923163963569492851513633647219540611171767387372555728522940543617851765023075446
938693078734991135218253292972604455321079788771144989887091151123725060423875373484125708606406905
205845212275453384808205302450456517669518576913200428167580549248117805198326460324457928297312
9105318385636821206215531288668564956512613892261367064093953334570526986959692353530942245438652786
77673027540427224638448355323991475136344104405092330361271496081355490531539210229959575658370
53812619656831442860579566966221547216956208701372776853696084070483332513279311223250714863206951
24539503735723346807094656483089209815348787056334910923660575540508641115214414814346304372732710
45027768661953107858323334857842971609252153260925589326556067212435946425506599677177038844539618
1632879614460817789272171836908881267782074310642252463480745430476492885553409062185153654355474
12547615276977266776977277705831581412185688117050283652755432148348804442979998062157904564161
9572127845089284898064264974270905791290692178072987694779751124473059914060506299468942809313421641
662993561482813099887074529271604843363081844126469637925843094185442216359084576146078558562473814
9314270782662151855416387206876980461747408083243436653823545551094494984310934947599446726736653
5251766270677219418319197719637815721699336750837605716345464367177672338758864340564487156696432
10412825956453498413884128904206820470761559691684338999348366793542549210328113363184722592305554
3830582069416756299921337317548912203723349072681068534454035993561823576312837767640631131253352
12141994611869350833176587852047112364331226765129964171325217513553261867681942338793654689080182
71352835848884441117612341117991870923650718485785622121140977699445312179522479578069506532965
940383987369907240797679040826794076187295478359634927939045769736616434053597922192858705749574816
96694062334272619733518136626063735982575552496509807261236682836059283418558482695841377255897088
378994291054980331113884603419391661221866960584915714857335682861495001909759112521880396419762
163559375743718114805594422987304181968080856472657135476128316292044988315421055305970766663627
4932830891688093235929081787411985738317192616728834918424297212904349655269427264255964146352591
43484067586769035382320572934132981593533044446496829441367323442158380761694831219333119819061096
14295221536170298575105594326461468505452684975764807808092213358113781977492717685450755383287688
74474591593731162470610912446098294248412875222446259447763874949199784044682925736096853454984326
65368628444893657041118177938064416165312236021491876876946739840751717630751684985635921486892943
10594202457969622924566644881967576294349535326382171613395757790766370764569570259738804384158058
9433613710655185998760754924187211714889295221737721146081154344982665479872580566747240511220738
345927157572771521858994694811794064446639943237044291140747218182248258377361734668530744985564
71542036123593397312914458591522887408719508708632218837288262822884631843717261933057771476515641
4382230679184738603914768310814135827575585364359772165028277803713422869688787349795096311088991
9614338666406845069742078770280509367233872326296378563865321643234881555755718469089074647879122
43637555666867806761054495517260791142930831285761254481944449473244819093795369082063846316782250
64809531810406570254327643857035059228189198780658654121842992172737209551324225107971807783304260
90867942734289557355592527238055114404380123904168771644518226491681641927411064516224311170056
6911217331894234054795968466980429817362570406733282129962153684881404102194463424646220745575643
9645298531307140908460849965376780379321899140865814662175319337665971143306086250982956691763884
60567629729314649114937046244693519843953444913514119366793331936617663652555149174982307987072280
86085962611266050428929696653565251668888557211227682772743708917389639772257564890533410388559311
256799915165890251648696142720705916056166159702451989051832969278935553393468121976158218398048
39605625230914626384473862963984892438618729850777592879272206855480721049781765328621187476766897
24884113956349483767273631692107350834073865261684507482496448597428134936483724261167042668708
3192504099761531907685577032742178510064419841242073964013963615838105659284136845741191273642
027416372348821452411347716529631284086584197879511165115298278146203791398550639996326591248525
3084936903131310799977191362230866110999291428712493885416123820411341888872196934779044975274
54288072835093058287544207551348166609278793535665212556213998824962847872621443236285367650259145
046837763528258765213915648097214192967554938437558260253168536356731379262475878049445944183429172
7569883762262618463654527434976624111384513054814498363117897844897320767195087841586188796929558197
3325069995140261511675529750575437810242238957925786562128432731222071673057406928686936393018676
5958251326499145952609170693475194089753574641683081179884645247361895605647942635807056256328118
92696632647953595109712765913623318086692153578860781275991053717142204506186075374866306350591483
91646765672320571451688617079098469593223672494673758309960704258922048155079913275208858378111768521
4269334786921895240622657921043620348852926267984139532164587911515790504605797108389833718643824
417511347226472547107947939969535546696197267632552299146549334996632341859514503609803440922122067
1256769872342794070885707047429317332918852389672197135392449242617864118863779096281448691786946817
75917171506691114802075943212061969637795132270890295660855622254526261046073613136886909281721
068198618553780982184711541636332626569928342415523609780464171085255376127289053350455061356841
43775854429677977146602943876872251153638119175815402812081825560648541078793359892106442724489861
89616294134180129513068363860929410083136673372153083526962357371753307386533382048421930818644
918409372394433405244909554558164064607615811031767488475176619086929460987692169122181688291
4087070956095147416921147274133905225334083481287353031239196999785974139085936054335996970756
44613424245368249609877258131124732798562072126572499034682938868723048955622532446362639854225
258416464324271611419817802482595563544907219226583863662663750835944314877635156145710745528161596
77048442714194435183275698407552677926411261765250615965235457187956673170913319358761628255920783071852068915150471334038610310559148178521138475454293338918844412051794396997194112695119526564
9195941899754183932346474242907271887522353439367363366320307232747374071239825620246626519740901
99762452056198557625760087081730832883443818310705451449354588542267857855191537229237955549433340174421696009069641561273229777022121795186837635908225512881647021992348864439591531846404714
3211863606225271154112228380277853891109849021342741141215597699654388771974853764311582298385331
23071751132961904559079380642766958191484262799122179294798734890186847167650382732855205908298452
9806259250352128451925927986593506132961946796252373972565584157853744567558998032405492186962888490
33256085145534439166226257775512916207727968526293879375304541810807292858919897153817973434961872
3292761474785019261145041327487324297058340847111233374627461727462658241532427105932250625530231473
87592517247873228814914559156050363345754242337791637495250249322351481961381162563911415610326844
9580725082734317659440540982697652693445798634797097431244982719331138638731596363612186234972614095
560799206283169994207205481152535339394607685019909886553861433495781650899616490796781429114838
7645682174914075623767618453775144314754112067616072646055685925779932207337333398916369504346690
694828436629980374145276277165476238255461708831898108688068478537055364804693509588180253605297407
93538676511195079373282083146268960710751755206144337841145499513643244632819334638905093654571450
69086448344180428363390513578157273973334537284263372174065775771079830517555721036795976901889958
4941319599957317912419390868135658553966194137179448763207986880371607303220547423572266896818
8212342439188598416897227765219403249322731479366923404848976059379580946964175427961378255378122
39476461478329269765451622902817110437846038756544151739433960489153188175766505095169742415644
771293656614253949368884230517401299205568542898538979426699567770270891465137368922061044154816621
56842198384767308717875927920917590695273456682026513373111518001814341209626165862982107666352
3361774078377834237091526440630540718078433580610729611055502041513169637304684921335683726540307
50982908936461204789111475303704989395283345782408281738644132271002968311942033234564208264732762
3383294639378998375836554559919340866235090967961134048672712317652666371077872511186035403755448
74186935197336566217723592293967764632515622348757113795712096237723431370212310496515211197613
176419408203437348512852602913334915125083119802851778557107253731491392157091051309650598859999315
608636554774035518981667335358804821466509974143376118277772335191074121757284159258087259131507460
625634903777263373914461377038213183474473111303267296917335047716321066162278302726928336558311791419447808748253360714432962522857750980859960904093631263562132816207145340610422411208310
0858726425211226248142647519426184325853386753874054743491072710497542811594661713612259044158
9916022982781796351940804651353475269877760952783998436808690898919783969353217998139135442552717
9122539710810632143048511378291498511381969143043497501899806816444121232733283071928243624067331
96554692677851193152775113446468905504248113361434984604849051258345683266441528489713972376432821
266025351669391408204994732048621627759791771234751097524307893575993771509521751693555827072533
9118923340722383207758582137174778378778391152341320984894234596136923404979982793041444631627072
147961174569757196812392919137409829258055619552074342432959828989805292333664154192563673806894942
1471241340525072204061794355252555225087487908656831454283516775054229483274783044056438581591952
666758282929705226127628711041348178722481789684052407924360582742467443076721645273134513541676
4966891274786811029513386269864974821211862904337691568576240699296372493097216287072018983542
3690364149272369619385473724832985504511208919287982987446786412915941753167562533435310626745254
507114181483239880607297142347255207134907983989823552687239509093656678789923837125789762487559904
4322889538837731734894112275707141095979047919310467407541143538178246463079598955563899188477378
134134707246747362112048986226991888517456251732519341352381158633512391305444191073628447567514
161050410973505852762044489190978919843154852805339857778443139338839943104444656692445508859463140
81751220331390681596592510546858131338381521764182104334297888261196304431113887962587460902261309
08499754339577124323061690626291940392143974027089477766370248815549932245882597920631257436910946
3932528062416424768684954553249381763937161563684785982371592385421265840615367228607131702674741
31145261063765383393159219434698176053583803106128878520515469336392410884676320956708971836749057
81630851581381619668822220475704375906143380407258538620835651769984267745231958241826836982716237
4149383634966293515768540613973427464708996856181716055110488097155485911861718966825973541705423
98513556018723350790609464212711439931960465274240508822253597734815191354385712532585404939461086
579379805862143366078825219717809025817370870916460452727977153509913407364252038638671822052287
96944583876529479510486607173922932745542678566977686593992341683412227466315062155320502655341460
995249356050854921756549134830958906536175693817637473644183378974229707354520666317092960759198962
7732423090252397443861142630986877339138825186843165102796491149773758288891345034114886594867215
492110843280807834280894172980898329753694064496993125399863919581614689952208806622854084148642
747862819755466292788146216071713818818084057208471586890683691939338186427845453795671927239797236
4651667592110579956639625985355127635587681421340982916296873429850792471846056874828331381259161
96247615690287591072733132991406238646083333786382579263239159003557609032477281338887339178096
9666146961531754226751125993315529674213336302229649064809345820818106182102276645804027821333
675857319113717546727630590443531313193609248909724642792845554991349005180295707082919052556781
88991389962513866231938053611346224294610248954072404857123256628888931722116432947816190554868054
943441034090680716088282279596869513364381426825217047287086311373115523686141690837567574763723
976318575703810944339056456446852418328148107998376918512127219350444180460472162693944578837709
105974693219720558114078775989772072096893822493032368305158626572811146379969831375179376232151112
5234973430524062210524423435373290565516340666950616589287821870775679417608071297378133518711793164033155523822487730653444179453415395224244497034112087407218810938826816751242299404948179449472
7328947711157413944122845552182842492224065875268917227278060711675404697308370396187877966948825
5561467438439257115829546661358678671897661297311267200729715536130275355616781776544228744211472
988161482705243806817653573275578602505847084132088379328160876908130492491473682517035382219618391499952349538710599735114347829233949918793660869231375596368532373806735911442432685615121094
042595826393167817128669239283231057658851714221119695706479981403150563304514156441462316376380
990442816256917576489142569714163598439317433272378123369380431289262637538266779534169334323607
502481757418087538847509493945489620974048544263563716499594992098088429479363666297526032438563
529458447289445471662092974954966168774141208821304770228161164560440723635158114972973921896673738
264720472264222124216561528497130633279581432516136948255671478093579088965713492615816134691
806965089556311212184918058479227206918716963163304485821028606578585912699746376617414639341595
695395542033146282651895116793807457331575984608617370268786762943677780502446733913324316698835
4073232388281847510516413311895370364884226902704780527424906034920829547550540345716184072574536
93814553117535421072655783561549987444748427323457880618731493415660463529797794550753593047956872
0931672453654720838168585560604381977030764246083489876113457093948770294617579206195254925575710
9038525171488525265671045349813419803390641529876343695422560827761442191431892139390883454313176
968511841038444723489488695209819435319065065553546173358140455448378847525262539496658699920584176
52781253410338964698186424303414679138061928059607854888107897055169462152287730910446746249797
9992627120951684779568482583341422664772108433624375937416105367340419547389641978954253353631861
40951534766961476255651873823292468547356935802896115367917873035531593783630822486151777705415775
7656175935851216692943111138863582159667618833261041646517148469793854226216871614012237821377977
41312689772667129922592217408770769562834739322108815935628628192856357189338495885060385315817
976067947984087836097596149733420572704603521790605647632855692762734951822032361441125841824262477
12123577638889597431823282787131460805353357449429762179678903456816988955351850447832561638070947
695169908624710019748809205095219436323787197648733922381154036347548862684595615975519376541114140670122692747439388858994385973024541481061235908362745852884935632515853843832424932526660875
8890831870709102373771065769850564339288543376583425967506537150533351448990829388773735205145933
3049626531415141386124437935885070944688045486975358170212908490787347806814366323322819415827345671
3564431715379678180581958524648408432909981943781718177302317039897330504953873561162610239994332
5978126893432605584712787649107092344388463411735556865935852449193718104162620850429925869743
581709813389404593447193749387762423240985283276226660494238512970945324558625210360829286649724174
9191419889661295580767709795947953061311915911773943104209049079424448868513086844493705909026061
2064942574471353547657859242708130410618546219881830906345881873875585627491158737542106466795134
64875867715438381852134828191581246259933516198935595167968932852205824799421034512715877163345222
995418839680448835529753361286837225935390792166694133909116875883988828869216023732573615882071
6351627133281051818762104852180675526648673908909071951380586267351243122156916379227732870541084
203784152568328871804698795251307326634027851905941733892358540395677035611329354482585628287610610
69822972142096199350933131217118789107876687204454887608941174798647137882462153955933333275562094
3958043453791978228059395959927436913793778664940964048777841748336432684262829324062608190808180
43909145563519368560630450891422896452199877988493474777291327972660276584166789136490508741142126
8619698620441269652829810870454798615595453382121155646979976785738921862435993267776894540605082
18838227909833627167124490267611784982643770330208184459009717235243319947082420987715144497511
705564329542821819670092251561584417420593365814813490269311151709387226026458630561325605792560
9273322655793462808056834439213736884056504343073965740611777937141424615493070741360805442102955009566358897789926763051771878194370676149821756418659116160865408635391513039213168057690341725
9645369235080641744656235152392905040947995318407486215121056183385456617665260639371365882521666223
5761322194171372664966073252107719479312652827633024138051649071745659648537483546691945235803153
01969164809946068149043781982973236093087135760798621425422096419043679054790499307837242158195
453541837112936865843055384271762835279128821129308351575656599944741788438381565148434229858704245
5924346932952328218035083337262837918321659183618155421715744846577842134329982594566884558266171
979121808494833244878725818377480552226815111371745368417872827445244290547451823467491956418855
124442133778352142386597992598820328708510933838682990657199461490629025742768603885051132638544540
41918495886653854504057132362968106914681484786965916686184275679846041868762298055562963045953227
92305161672159196867584952363529893578850774608153732145464298479231051167635774949462295256949766035
94739624309953433140499420967788382702714478494069037073249106444151696053256560586778757417472110
8274357743151940607579835636291433263978122189462874477981198072256467146640548513109656786314880
9033749338875364183165134982546694673316118123364854397649325026179549357243054218297487125110740
4116114058999110930624923128131163405492625713567218186289327861388337180285350565035919527414086
951092616754147679266832109237467087213606278332922386413619594121339278036118276324106047409711110
481400362334271451448333464167546635469973149475664342365949349684588455152415075637660508663282742
479413606287641290644913828519456426431532258586244314183866959063324506300392213192647625962691
51090445769531444054618037857533668621246227863975274666787121033929848733751447560322106223
580293437749553237127384681630610265703087227546296679688089058712767636106622572235222973920644
309352432722810859973095132528630611054979156447918450461804676240892892568091293059296064235721
0615246462050232489665939873249339673769522399176089847457184353193664652912584806448196521628387
951894993367592414856261369959453072872545324632915291112876377060557060953137752775186792329213495
524513308986796916512907384130216757323863757582083635757280275449032795307990799442541108725693
18814667935595834676432868876966610973957499678365933978463469599489506104903836474095046952260638
58046758073069912290474089879166872117147527644711604419527181695082897335371485309289370463844208
932997711258568408466083399340456890267875160877546126798815465856522061210953490796707365539702576
19943137663996060606110640695933082817187642604357342536175694378484849525108266488395159704905983
808121052211110919433239511360514464598342107990580820937164645231277042316072138543723461267260
99787385657091998507595634613248461884098501942876879226873455650519121546544063829253851276317663
9220509383452430773170299403626154340132276391091298832786392412304455516840548898090807791746
36092439334912641164240938807463566072623366958427645836982687348158819610585718357674620965052606
592926354829149904576830721089324585707371660717398194485028842603963660746031184786225831056580870
8730556759586134170745402965687634774176431051751367328692455585820823723861781739405175130437
9948688223204437804313170921034261674998000731609481458637448877852227307633049538394434538277060
876076354209844508306247632535727810327834617669705442871553153401649707665719598504174819908721
49087568603778359199471934335277294728553792578768483231118593658071729118696761765505377532930
3383070644891281141225506150896411076238245744886551825810581403453212475472326908754750707857765
973254284445935304499207014538748948226556442223696365544194225441338212225477497535494624827680533
33698328415613869236344335855386847111143049824839899180316545863828935379913053522283343137953372
95416257623228081138499491876144141322933767106563492528814528239506209022357876684651166609738275
3660405446941653422239052108314585847355293522199282727605748212660652913855303455497445514734493
94868634294596584312419078592368224560763936784166270518555178729040735573046206396924533077957822
459497104218843001838814290817303945050734278713124466860927785818114091151172937487362788787
49074652855654347488868310641105123208751077689187815256227352515537953244485778727761701964853
70355516765520911933934376286628461984426295252183678522367475108809781507098978413086245881522660
96355141874495836926917799047120726494905737264286052114035812310760669951853612486274675637589622
52991164960668765082617341784847893372950567390787861792535144062104536625064046372881569823231750
5962610809219552111508593029556549675388626129723399146283584760486276272730973922014322487075823
373549152460856082103288829741839064788699232736913604883743661522351705843770554521081551336126214
29118156153175888257359489250710887926212864139244330938379733386780613179523731526677382085802471
43352709243803266951742119507670884326346442749127558907746863582162166042741315172124585860562336
3149316464691394656249747174195835421860774871105733845843368993964591374060338215935224359475162623
91886853078228217639832373061820424656047752794310479618972429953302979249748168405289379104494704
59086499187272734541350810198388186467360939257193051196864561855782452182310658894379865224320506
77379966196955472440585922417953068204517953704347245176289356677050849021310773662575169733552746
2329433123596260953423574397249659211106578178261087453188748318743082357369919515634095716270
9924449297491054898515196586647414822510633536794973714251229341882585117371994499115097583746131
055050641977215319293548753711916326203328588658528481935092258757755974252765841172134232364808
42714335636754204637518255252494432965704386138786591965738828684189408767281671413703366173265
120578653915780730887142615190750149257611292767519309672845397116213606330905422439663206743235
827978893323244057791992784846333397777376559187057480682867834796562414610289950848739969297075043
275302997287229732793444298864641272534816060377970729829917302929630869581996312413304939350493325
4123550710544611825911411164545347132988104784406778138077131465400993863064812666143308582068113
958383191695455582594268957698414288937434670841079463189325391069639557807062124597489829356461356
078898347241997947856436204209461341238761319886535235831299686226894860840845665560687695451274486
63140505473535174687309806322780468912246821460806727627708424226615548502408952891657117617439
20337584877842911289623247059191874691042058483261406773337512719565399469716251724831223063391932
87079838074848572651612343493327335666447335855643235280883924348278760886164943289399166399210488
307847777048045728491456333532650702958890626591549850940797276756712979510982294762289618915914
4152032283878773485130979081191292672271377889805396415636236416915498576840839846886168437540706
5121039062506128107663799047908879674778069738473170475253442156390387212388063236883717949308954
907763315230635483742568166533616066419803188287123767481898330246836371488309259283375922789425
8806087286038859168849730693948205112217663591382515242786709440694235512215683777788518246702
565170850924962374772681369428435062938814429987905310562173754591826799732177352936892806521025
396268807498092643458116557158867044353976505323478287327368840863540027406767838219635222265392
90939807367391364082898722177767471681181958561337215831190546829360832369761134502817578320293484
59829250089568263271263295866292147653142233351793093387951357095346377183684092444422096319331295
6203055755173406797374061416210792363342380564685092371671526425563718538895714164197723874226105
966673969971731681694154350952831935564177056686222152179911513556397071433128936575538446483262120
642433816955862698561022460646069330793847858814367407005997697036491927332882613532936311243650
698652160638987250267238087403396744397832582968942568967418643361349794752455262914265228424192430
833881035805378723999542172113686552753413622116931406946695131869281025747959856051450502171591
331775160995786555198188619321128211070944228724442481153406055895958355815232121846058205635926
99303478851132068626627588771446035996656108430725696505630644891875994665967728471715395736121081808
4154727314266174893313417463266235422207260146127120693463952056444554329166298666078308906811878090815295063626782075614388815781351134695366338784120923469428687308393243233387277549680521032
82154432472338884521534372725128589747691460808314441258681815404918777228786981853454537065266
5564917091542952275670922221747411206272065662298980603289167206874365494824610869736722554740481288
9242471854323605753411672850757552057131156697954584887398742228135887985840783135060548290551482785
29489112190538319562422871948475940785939804791094194070671764439327307121358873850499936388382054168340277749607276844882819122206368886368110435695293065219552826152699127163727738841899328713
05634646882273982887631986457098363089177864870866761854856804767255267541474285128145807403152992
1978145577568436811118531749816716426647884090262682824448258027532094549915104518517716546311804
9045679857132575281179136562781581112888165622858763087597496384943527567661216895926148503078536204
527450775295063112483418045840594329260798544356209370809182152392371790678121992280496069738238
74331262673030679594396095495718957721791559730588693646845576676092450906088222122357192545367151
91834872587423919410890444115959932760445065562064611646556654875942473692523369559930335509581762
6176231849561906494839673020377638743693439998294320914707361894793269276244518656239559053705128
9781634554233211497599489627842432748378832714186769526211809750640514975588965029304867605208
104915378854139094245316917199876289412772211294645682948602814931815624967788794981377721622935943
7811044480607976724292762495107841534464291508427645200204276947069804177583220909720291657347251
58290463091359037842977572651720877244740952267166306054697163879431711968734846887381866567512792
9857516363411314627530499191356468238043299706957715078933772865803571279091376742080565549362464
6
